
Applying ATLAS style settings...


Processing dumpNumbers.C...
############ Nominal ############
Param 			 Fitted 	 Fit Err 	 Nominal 	 % Diff
N0:			1.93562e+06	+/- 25129.3			    -
NL:			845249		+/- 59234.3			    -
NR:			3571.57		+/- 59369.9			    -
F0:			0.695148	+/- 0.00992124			    -
FL:			0.30357		+/- 0.0208991			    -
FR:			0.00128061		+/- 0.0214114			    -
Wlight:			1430.05		+/- 0.0860045	1430.05		1.82271e-05
Wc:			2755.57		+/- 0.301669	2755.57		-1.3078e-05
Wbbcc:			7565.01		+/- 1.78157	7565.01		6.10502e-05
QCD (2incl, el):	446.826		+/- 0.0282371	446.826		-0.000103784
QCD (2incl, mu):	322.936		+/- 0.0107118	322.936		5.29289e-06
QCD (1excl, el):	2271.96		+/- 0.438546	2271.96		0.000166285
QCD (1excl, mu):	1745.71		+/- 0.297461	1745.71		5.14136e-08
RemBkg:			9190.21		+/- 421.568	9191.11		0.0097804
##########  bTag5 Up  ##########
Param 			 Fitted 	 Fit Err 	 Nominal 	 % Diff
N0:			1.96716e+06	+/- 25648.6			    -
NL:			905233		+/- 59310.8			    -
NR:			12965.9		+/- 59573.2			    -
F0:			0.681921	+/- 0.00976527			    -
FL:			0.313613		+/- 0.0204981			    -
FR:			0.00456161		+/- 0.0207335			    -
Wlight:			1429.44		+/- 0.0849039	1430.05		0.0425369
Wc:			2753.26		+/- 0.300166	2755.57		0.0840414
Wbbcc:			7553.1		+/- 1.77989	7565.01		0.15751
QCD (2incl, el):	446.914		+/- 0.0284524	446.826		-0.0196981
QCD (2incl, mu):	322.97		+/- 0.010624	322.936		-0.0106138
QCD (1excl, el):	2270.82		+/- 0.439491	2271.96		0.0505505
QCD (1excl, mu):	1744.42		+/- 0.289153	1745.71		0.0735728
RemBkg:			5369.39		+/- 419.466	9191.11		41.5806
##########  bTag5 Down  ##########
Param 			 Fitted 	 Fit Err 	 Nominal 	 % Diff
N0:			1.90849e+06	+/- 24933.6			    -
NL:			789252		+/- 58746.8			    -
NR:			-14382.9		+/- 58446.6			    -
F0:			0.711351	+/- 0.010177			    -
FL:			0.294024		+/- 0.0218333			    -
FR:			-0.00529673		+/- 0.0217336			    -
Wlight:			1430.59		+/- 0.0843815	1430.05		-0.0376298
Wc:			2757.62		+/- 0.296821	2755.57		-0.0743743
Wbbcc:			7575.49		+/- 1.77172	7565.01		-0.138424
QCD (2incl, el):	446.747		+/- 0.0285642	446.826		0.0175403
QCD (2incl, mu):	322.905		+/- 0.0106652	322.936		0.00966088
QCD (1excl, el):	2272.96		+/- 0.457593	2271.96		-0.0438613
QCD (1excl, mu):	1746.86		+/- 0.297681	1745.71		-0.0660397
RemBkg:			12643.4		+/- 421.533	9191.11		-37.561
